2,70
2,69
2,68
2,67
2,66
2,65
2,64
2,36
2,35
2,34
2,33
4294967279,449
4294967278,381
4294967279,448
4294967279,447
2,32
2,31
4294967278,380
4294967278,379
2,30
2,29
2,28
2,27
2,26
2,25
2,24
2,23
2,22
2,21
2,20
2,19
4294967279,446
4294967279,445
4294967279,444
2,18
4294967278,378
4294967279,443
4294967279,442
4294967278,377
4294967279,441
4294967278,376
4294967279,440
4294967278,375
4294967279,439
4294967278,374
4294967279,438
4294967278,373
2,17
2,16
4294967278,372
4294967279,437
2,15
4294967278,371
4294967278,370
2,14
4294967278,369
4294967279,436
4294967279,435
4294967278,368
4294967278,367
4294967279,434
2,13
4294967278,366
4294967279,433
4294967278,365
4294967279,432
4294967278,364
4294967278,363
4294967279,431
4294967279,430
2,12
4294967279,429
4294967279,428
2,11
4294967278,362
4294967278,361
4294967279,427
4294967278,360
4294967279,426
4294967278,359
4294967278,358
4294967279,425
4294967278,357
4294967278,356
4294967279,424
4294967278,355
4294967279,423
4294967278,354
4294967279,422
4294967279,421
4294967278,353
4294967279,420
4294967278,352
4294967278,351
4294967279,419
4294967278,350
4294967279,418
4294967279,417
4294967278,349
4294967278,348
4294967279,416
4294967279,415
4294967278,347
4294967278,346
4294967279,414
4294967278,345
4294967278,344
4294967279,413
4294967278,343
4294967279,412
4294967279,411
4294967279,410
4294967279,409
4294967278,342
4294967278,341
4294967279,408
4294967278,340
4294967279,407
4294967278,339
4294967279,406
4294967278,338
4294967279,405
4294967278,337
4294967279,404
4294967278,336
4294967279,403
4294967278,335
4294967279,402
4294967278,334
4294967279,401
4294967278,333
4294967279,400
4294967278,332
4294967279,399
4294967278,331
4294967279,398
4294967278,330
4294967279,397
4294967278,329
4294967279,396
4294967278,328
4294967279,395
4294967278,327
4294967279,394
4294967278,326
4294967279,393
4294967278,325
4294967279,392
4294967278,324
4294967279,391
4294967278,323
4294967278,322
4294967278,321
4294967279,390
4294967279,389
4294967279,388
4294967278,320
4294967279,387
4294967279,386
4294967278,319
4294967278,318
4294967279,385
4294967279,384
4294967278,317
4294967279,319
4294967279,318
4294967294,416
4294967294,472
4294967278,277
4294967293,131
4294967293,130
4294967293,129
4294967293,128
4294967293,127
4294967293,126
4294967293,125
4294967293,124
4294967293,123
4294967293,122
4294967293,121
4294967293,120
4294967293,119
4294967293,118
4294967293,117
4294967293,116
4294967293,115
4294967293,114
4294967293,113
4294967293,112
4294967293,111
4294967293,110
4294967293,109
4294967293,108
4294967293,107
4294967293,106
4294967293,105
4294967293,104
4294967293,103
4294967293,102
4294967293,101
4294967293,100
4294967293,99
4294967293,98
4294967293,97
4294967293,96
4294967293,95
4294967293,94
4294967293,93
4294967293,92
4294967293,91
4294967293,90
4294967293,89
4294967293,88
4294967293,87
4294967293,86
4294967293,85
4294967293,84
4294967293,83
4294967293,82
4294967293,81
4294967293,80
4294967293,79
4294967293,78
4294967293,77
4294967293,76
4294967293,75
4294967293,74
4294967293,73
4294967293,72
4294967293,71
4294967293,70
4294967293,69
4294967293,68
4294967293,67
4294967293,66
4294967293,65
4294967293,64
4294967293,63
4294967293,62
4294967293,61
4294967293,60
4294967293,59
4294967293,58
4294967293,57
4294967293,56
4294967293,55
4294967293,54
4294967293,53
4294967293,52
4294967293,51
4294967293,50
4294967293,49
4294967293,48
4294967293,47
4294967293,46
4294967293,45
4294967293,44
4294967293,43
4294967293,42
4294967293,41
4294967293,40
4294967293,39
4294967293,38
4294967293,37
4294967293,36
4294967293,35
4294967293,34
4294967293,33
4294967293,32
4294967293,31
4294967293,30
4294967293,29
4294967293,28
4294967293,27
4294967293,26
4294967293,25
4294967293,24
4294967293,23
4294967293,22
4294967293,21
4294967293,20
4294967293,19
4294967293,18
4294967293,17
4294967293,16
4294967293,15
4294967293,14
4294967293,13
4294967293,12
4294967293,11
4294967293,10
4294967293,9
4294967293,8
4294967293,7
4294967293,6
4294967293,5
4294967293,4
4294967293,3
4294967293,2
4243767290,0
4243767289,0
4243767288,0
4243767287,0
4243767286,0
4243767285,0
